Accuracy:0.8216560482978821
Precision:0.8794326186180115
Recall:0.7898089289665222
F-Score:0.8322147