Accuracy:0.8343949317932129
Precision:0.867132842540741
Recall:0.7898089289665222